315 2016 08 18 "Pepe"
315 2018 08 15 "Markus"
315 2022 01 28 "Sohini"
315 2022 07 01 "Lulu"
315 2022 08 07 "Joshua"
316 2017 04 01 "Mathias"
316 2019 12 02 "Cecilie"
316 2022 01 27 "Gustav BW"
317 2016 05 04 "Andreas"
317 2018 08 18 "Joar"
318 2018 02 04 "Jakob NJ"
319 2015 01 01 "Jonas"
319 2019 09 15 "Sissel"
319 2020 08 16 "Gustav HS"
320 2015 05 15 "Oliver"
320 2018 09 01 "Mathilde"
320 2019 01 01 "Oliver"
320 2020 05 01 "Niels"
320 2020 09 01 "Elio"
321 2017 09 01 "Lucy"
321 2018 01 01 "Eliška"
321 2018 09 01 "Sina"
321 2019 01 01 "Charlotte"
321 2019 08 10 "Sarah"
321 2020 01 21 "Roosa"
321 2020 07 01 "Nanna"
321 2021 01 24 "Catalina"
321 2021 09 02 "Itsaso"
321 2022 01 17 "Alena"
321 2022 08 15 "Salma"
322 2017 09 01 "Jakob U"
322 2018 10 15 "Mads"
323 2016 01 06 "Martin"
323 2019 03 01 "Karen"
324 2017 09 15 "Elin"
324 2022 08 08 "Ardit"
325 2017 09 07 "Mišiak"
325 2019 10 06 "Niels"
325 2020 05 01 "Helena"
325 2021 01 01 "Selma"
325 2021 09 06 "Pavol"
325 2022 08 01 "Niklas HJ"
326 2015 05 04 "Hugo"
326 2021 08 30 "Peter"
327 2017 09 25 "Majka"
327 2020 01 15 "Karo"
327 2020 07 01 "Majka"
327 2021 02 15 "Lukas"
328 2015 01 01 "Philip"
328 2019 11 01 "Anne"
328 2020 11 24 "Niklas ST"